4.373290644
3.094206967
2.526920225
2.18880347
1.9582834
1.787568813
1.655094492
1.548159465
1.460288498
1.38624314
1.322695578
1.218961392
1.138007062
1.07223625
1.017664924
0.9516784219
0.8837033035
0.8431798678
0.7897043089
0.7488214755
0.7165382573
0.6821706076
0.6542893666
0.6349787878
0.6194004442
0.6096229937
0.606383299
0.6088630183
0.6178546126
0.6325526502
0.6533074628
0.6805724711
0.7134782588
0.7510766743
0.7949728192
0.8442031521
0.8989504338
0.9594318513
1.025609518
1.098166084
1.17697949
1.263339447
1.355823476
1.456619376
1.564484839
1.679925238
1.802784493
1.934003256
2.074432045
2.225282702
2.387054971
2.562287431
2.751914102
2.955496161
3.171159009
3.40010916
3.643664511
3.904684152
4.18800779
4.499889882
4.8454843
5.231006561
5.659985372
6.134545476
6.66129254
7.246838246
7.892634228
8.605574668
9.399959813
10.30006591
11.31535628
12.45701112
13.73338678
15.18293509
16.84596715
18.76851822
20.99985027
23.57908415
26.50827073
29.79499894
33.45678854
37.45909679
41.78123823
46.39209215
51.09830013
55.55748548
59.31316618
62.08014905
62.55978743
58.90445741
48.84849283
31.58655533
13.50164342
