4.902629823
2.791185846
2.081895893
1.724551897
1.50870938
1.364025663
1.260250732
1.182200856
1.12140528
1.07275929
1.032999883
0.9720657854
0.9277853485
0.8943804862
0.8684776507
0.8392912865
0.8122754688
0.7979062929
0.7812679619
0.7707465063
0.7642631557
0.7596988505
0.7587110683
0.7606400862
0.7656988722
0.7742402683
0.7853655069
0.7996413922
0.8179150737
0.8389489893
0.863490927
0.8922917213
0.9249680306
0.9611029066
1.002264359
1.047867371
1.098260394
1.153681563
1.214268688
1.280866219
1.353335523
1.432912857
1.51848052
1.612244064
1.713453536
1.823106711
1.941349708
2.069177042
2.207237075
2.356332359
2.516531295
2.689269372
2.875129927
3.075389334
3.290213968
3.52129214
3.769701966
4.036801606
4.323382626
4.631346427
4.961861685
5.316874999
5.697727355
6.106782195
6.545623373
7.01667477
7.522038771
8.064264418
8.646111305
9.27037385
9.940064246
10.65851196
11.42922256
12.25593159
13.14277184
14.09413103
15.11453101
16.20909556
17.38316185
18.64243611
19.99316102
21.44193858
22.99584098
24.66256082
26.45018154
28.36755785
30.42402567
32.62968999
34.99539495
37.53271258
40.25411455
43.17290311
46.30343346
