2.695959622e-05
1.92254808e-05
1.592686368e-05
1.40614379e-05
1.28735873e-05
1.207831478e-05
1.152667766e-05
1.114251232e-05
1.087780547e-05
1.069939067e-05
1.058647856e-05
1.050264365e-05
1.054812136e-05
1.067363325e-05
1.085367855e-05
1.118835519e-05
1.170382957e-05
1.211479369e-05
1.281550373e-05
1.351291829e-05
1.419564368e-05
1.511959361e-05
1.613262477e-05
1.710096949e-05
1.825440568e-05
1.956398655e-05
2.090183423e-05
2.235274056e-05
2.39822269e-05
2.567319662e-05
2.748946912e-05
2.948075751e-05
3.161608787e-05
3.38710292e-05
3.634168609e-05
3.898939471e-05
4.183448555e-05
4.489317862e-05
4.816529748e-05
5.168105018e-05
5.541716183e-05
5.941488801e-05
6.360321556e-05
6.809052668e-05
7.28434679e-05
7.790217412e-05
8.327125157e-05
8.899239591e-05
9.507730426e-05
0.0001015332973
0.0001083413385
0.0001155481856
0.0001231395278
0.0001311261835
0.0001394521862
0.0001481053163
0.0001569930036
0.0001662895618
0.0001761919656
0.0001868326196
0.0001985068975
0.0002117454633
0.0002268756361
0.0002438467464
0.0002626640512
0.00028355407
0.0003067296438
0.0003323454552
0.0003609919612
0.0003934064133
0.0004296124268
0.0004693331789
0.0005126522411
0.0005588415523
0.0006070629499
0.0006584929966
0.0007138018972
0.000771643111
0.0008307841593
0.0008876080226
0.0009371574854
0.000977147457
0.001000427425
0.001007561941
0.0009975969013
0.0009575182955
0.0008766096492
0.0007468088288
0.0006199347215
0.0005439493329
0.0006016383051
0.0005369703169
0.0004008223153
