4.531910052
3.176392788
2.586624155
2.237765089
2.000855132
1.826638041
1.6916871
1.583249533
1.493710736
1.418206176
1.35346331
1.247720949
1.164551646
1.097112214
1.041158794
0.972907587
0.9024919988
0.8605829349
0.8052568828
0.7629427279
0.7298810867
0.694740343
0.6658973078
0.6455678959
0.6286086725
0.6169346803
0.6116086612
0.611838272
0.6180480727
0.6297738985
0.6470687396
0.6703325442
0.6990466501
0.7324938229
0.7718332697
0.8162491665
0.8658158704
0.920534577
0.9803387507
1.045887515
1.116895718
1.194445449
1.277344111
1.367640702
1.464535536
1.568925587
1.680901368
1.801364906
1.930891911
2.070205693
2.219348678
2.379640021
2.551605278
2.736412324
2.93420543
3.146532144
3.374375952
3.618976625
3.881054935
4.162346454
4.463915724
4.787536546
5.134429505
5.506745756
5.90592556
6.334172779
6.793397927
7.285916732
7.814235244
8.380890323
8.988615846
9.640432927
10.33952178
11.08927064
11.89342738
12.7559705
13.68099956
14.67315939
15.7372877
16.87855634
18.10262288
19.41547017
20.82350678
22.33370309
23.9533833
25.69057012
27.55372197
29.55199372
31.69520965
33.99385318
36.45922249
39.10336793
41.93929343
