2.757810162e-05
1.966243632e-05
1.627283488e-05
1.435354558e-05
1.313210698e-05
1.230789437e-05
1.173535214e-05
1.133375643e-05
1.105397819e-05
1.086404249e-05
1.07420714e-05
1.064398182e-05
1.067787197e-05
1.079650358e-05
1.09709016e-05
1.129828666e-05
1.180340844e-05
1.220777444e-05
1.289930382e-05
1.359182992e-05
1.42734709e-05
1.520033059e-05
1.621594285e-05
1.718558763e-05
1.833786237e-05
1.964262927e-05
2.097311941e-05
2.241708704e-05
2.404148517e-05
2.573100782e-05
2.754990002e-05
2.954576272e-05
3.168529767e-05
3.394134869e-05
3.640865524e-05
3.904733337e-05
4.187569633e-05
4.490525651e-05
4.814226329e-05
5.163013149e-05
5.53600841e-05
5.939415358e-05
6.367502492e-05
6.831245541e-05
7.326848562e-05
7.859195193e-05
8.42900342e-05
9.04109714e-05
9.698618762e-05
0.0001040545575
0.0001116204779
0.0001197532742
0.0001284822848
0.0001378698636
0.0001479269036
0.0001587363141
0.0001703532899
0.0001828472705
0.0001962626042
0.000210697338
0.0002262174014
0.0002429279463
0.0002609089925
0.0002802929468
0.0003011804783
0.0003237183859
0.0003480458685
0.000374332935
0.0004027714507
0.0004335691568
0.0004669616383
0.0005032211993
0.0005426545066
0.0005856107275
0.0006324969358
0.0006837788785
0.0007399834862
0.0008017354736
0.0008697494277
0.000944853408
0.001028016986
0.001120361689
0.001223191426
0.001338030356
0.00146663911
0.001611077507
0.00177372529
0.001957350422
0.002165161367
0.0024008668
0.002668760455
0.002973794049
0.003321690397
