2.699085052e-05
1.925427013e-05
1.594233847e-05
1.406787336e-05
1.288132051e-05
1.208199404e-05
1.152845505e-05
1.113970197e-05
1.086914301e-05
1.068585124e-05
1.057012057e-05
1.04811411e-05
1.052132092e-05
1.064533246e-05
1.082486001e-05
1.115828529e-05
1.166804878e-05
1.207411021e-05
1.276802278e-05
1.346101115e-05
1.414168989e-05
1.506582051e-05
1.607790237e-05
1.704335394e-05
1.818908442e-05
1.948336014e-05
2.079788007e-05
2.221918439e-05
2.381538381e-05
2.54751527e-05
2.726145498e-05
2.922088951e-05
3.131902066e-05
3.35300235e-05
3.594923911e-05
3.854187126e-05
4.133376354e-05
4.43473888e-05
4.759540619e-05
5.112001172e-05
5.490858771e-05
5.902520328e-05
6.340484871e-05
6.815967469e-05
7.326730413e-05
7.877910503e-05
8.469112139e-05
9.106922451e-05
9.797399871e-05
0.0001054808204
0.0001136418365
0.0001225522721
0.0001321908154
0.0001425239772
0.0001533810412
0.0001646658753
0.0001762807579
0.0001882192131
0.0002004682452
0.0002130819918
0.0002262112509
0.0002402706635
0.0002558191004
0.000273412233
0.0002934479393
0.0003162943057
0.000342037295
0.0003705919701
0.0004013417327
0.0004338174732
0.0004682960956
0.0005051160255
0.0005444203786
0.0005862887373
0.0006305112719
0.0006765498428
0.0007249402668
0.0007792268417
0.0008421081774
0.0009159154468
0.00100414657
0.001107656137
0.001226291191
0.001367428516
0.001533099331
0.001716864792
0.001904182409
0.002077975673
0.002221840168
0.002364647771
0.002534174303
0.002858169943
0.003217851818
