0.005000060416
0.01000012083
0.01500018125
0.02000024166
0.02500030208
0.03000036249
0.03500042291
0.04000048333
0.04500054374
0.05000060416
0.05500066457
0.0650007854
0.07500090624
0.08500102707
0.0950011479
0.1100013291
0.1300015708
0.1450017521
0.1700020541
0.1950023562
0.2200026583
0.2550030812
0.2950035645
0.3350040479
0.385004652
0.445005377
0.5100061624
0.5850070686
0.6750081561
0.7750093644
0.890010754
1.025012385
1.180014258
1.355016373
1.56001885
1.795021689
2.065024952
2.375028697
2.730032987
3.140037941
3.61004362
4.155050205
4.775057697
5.495066397
6.320076365
7.270087844
8.360101015
9.615116179
11.06013364
12.72515376
14.63517684
16.83520342
19.36523399
22.28026921
25.62530963
29.47535615
33.90540968
39.0054713
44.86554211
51.61062361
59.36571732
68.29082516
78.55094913
90.36109183
103.9412559
119.5664447
137.5366619
158.2069116
181.9871989
209.3425295
240.8079097
277.003347
318.6388501
366.5294288
421.6200944
484.9958602
557.891741
641.7477542
738.2089198
849.1652605
976.8018027
1123.623577
1292.510617
1486.787965
1710.260665
1967.328771
2263.032344
2603.181454
2994.461182
3444.55162
3962.297876
4557.860073
5242.94335
