2.560378474e-05
1.661768273e-05
1.393793838e-05
1.27642563e-05
1.21650528e-05
1.184028326e-05
1.166566564e-05
1.158102749e-05
1.15539263e-05
1.156543208e-05
1.160380989e-05
1.173313047e-05
1.190540732e-05
1.210222445e-05
1.231341798e-05
1.264473072e-05
1.30975804e-05
1.343843408e-05
1.400102929e-05
1.455203904e-05
1.50892649e-05
1.581739591e-05
1.661639715e-05
1.738259109e-05
1.829866551e-05
1.934385936e-05
2.041820684e-05
2.159338734e-05
2.292585232e-05
2.432218802e-05
2.583587363e-05
2.750759294e-05
2.931033358e-05
3.122138797e-05
3.332140572e-05
3.557694758e-05
3.800382389e-05
4.061203158e-05
4.340697701e-05
4.642619017e-05
4.96620699e-05
5.316840397e-05
5.689521125e-05
6.093782539e-05
6.526291252e-05
6.991269424e-05
7.489295035e-05
8.024522358e-05
8.599622775e-05
9.217900393e-05
9.879620154e-05
0.000105906972
0.0001135351313
0.0001217328935
0.0001305069896
0.000139926337
0.0001500347844
0.0001608875135
0.0001725166475
0.0001849993143
0.000198382849
0.0002127460488
0.0002281431485
0.0002446696793
0.0002623896131
0.0002814008143
0.0003017881232
0.0003236543681
0.0003471108272
0.0003722701473
0.0003992537233
0.0004281957048
0.0004592373075
0.0004925289842
0.0005282371605
0.0005665385032
0.0006076150576
0.0006516730824
0.0006989274042
0.0007496076886
0.0008039651732
0.0008622655402
0.0009247933796
0.0009918582311
0.001063785349
0.001140931006
0.001223670828
0.001312411368
0.001407588908
0.001509669004
0.001619153392
0.001736577214
0.001862517959
