2.697886256e-05
1.925219144e-05
1.593878226e-05
1.407092076e-05
1.288707112e-05
1.208853039e-05
1.153019351e-05
1.113849972e-05
1.086678151e-05
1.06845433e-05
1.05684002e-05
1.048118608e-05
1.052191873e-05
1.064416698e-05
1.08207247e-05
1.11500976e-05
1.165478745e-05
1.205907453e-05
1.275028651e-05
1.343993674e-05
1.411609096e-05
1.503346823e-05
1.603615635e-05
1.699166368e-05
1.812664773e-05
1.941099216e-05
2.072132236e-05
2.214621694e-05
2.375450283e-05
2.543389985e-05
2.725119514e-05
2.925549863e-05
3.141398561e-05
3.370206444e-05
3.622024601e-05
3.893369746e-05
4.186643547e-05
4.502910574e-05
4.841942581e-05
5.207248723e-05
5.596135253e-05
6.013068099e-05
6.451002464e-05
6.921425907e-05
7.418676418e-05
7.946469313e-05
8.507203287e-05
9.106386092e-05
9.749031732e-05
0.0001044044811
0.000111827071
0.000119816513
0.000128385078
0.0001375287237
0.0001472014882
0.0001574588048
0.0001683562652
0.0001799900115
0.0001924987238
0.000206098843
0.0002207935952
0.0002366434714
0.0002538961758
0.0002723141521
0.0002916193877
0.0003118584749
0.0003332890336
0.0003562265121
0.0003809785041
0.000407264106
0.0004344246501
0.0004629243673
0.0004945501921
0.0005314267614
0.0005757866557
0.000628411939
0.0006890709001
0.0007560342983
0.0008269360522
0.0008994512347
0.0009700786554
0.001032134275
0.001077777254
0.001100530105
0.001091306358
0.001043065606
0.0009661678881
0.000849747755
0.0007536048379
0.0007515297279
0.0007631538994
0.0006764972371
0.0004635799086
