3.191822033e-05
2.263953522e-05
1.866888178e-05
1.639505142e-05
1.491923815e-05
1.389501259e-05
1.315607807e-05
1.261096673e-05
1.220443298e-05
1.190074859e-05
1.167557718e-05
1.139635174e-05
1.127578435e-05
1.126090635e-05
1.131869206e-05
1.149633627e-05
1.183750707e-05
1.213890974e-05
1.268640288e-05
1.325992816e-05
1.384037791e-05
1.464683623e-05
1.554617742e-05
1.641543401e-05
1.745797309e-05
1.864745404e-05
1.986740098e-05
2.119716773e-05
2.269829421e-05
2.426384083e-05
2.595277421e-05
2.780908693e-05
2.980160817e-05
3.190474074e-05
3.420659465e-05
3.666980606e-05
3.931128015e-05
4.214158919e-05
4.516638808e-05
4.842605846e-05
5.191219258e-05
5.568253255e-05
5.968323884e-05
6.401656061e-05
6.864663354e-05
7.361861394e-05
7.893863801e-05
8.465104769e-05
9.078430298e-05
9.737359453e-05
0.0001044217296
0.0001119917003
0.000120108839
0.0001288286876
0.0001381583999
0.000148171257
0.0001589138597
0.0001704448418
0.0001827983309
0.0001960562572
0.0002102688922
0.0002255199121
0.0002418669027
0.0002594112868
0.0002782209747
0.0002983998482
0.0003200379579
0.0003432444405
0.000368137394
0.0003948363631
0.0004234701713
0.0004541811719
0.000487119212
0.000522443936
0.0005603319326
0.0006009706529
0.0006445532516
0.0006912985709
0.0007414345407
0.0007952048315
0.0008528759991
0.0009147299218
0.0009810685357
0.001052220245
0.001128530125
0.001210376158
0.001298156853
0.001392303533
0.001493279059
0.001601577345
0.001717730691
0.001842306834
0.001975918437
