70.29783727
35.15675655
23.446533
17.59403077
14.08462176
11.74676247
10.07836217
8.828374902
7.857330155
7.08154516
6.447766822
5.475143791
4.764676272
4.223826956
3.799018006
3.310117548
2.839182191
2.574810338
2.243497541
2.003039791
1.822202848
1.635352164
1.483763799
1.37486457
1.277583944
1.197420393
1.138885437
1.094114514
1.060216198
1.037930566
1.024255982
1.017844773
1.017941813
1.023529964
1.034222276
1.049485052
1.069084611
1.092892652
1.120834349
1.153256169
1.190106669
1.232083548
1.278683979
1.331228966
1.389455171
1.454096715
1.525422022
1.604233954
1.691167037
1.786991898
1.892041762
2.007589977
2.134420521
2.273868125
2.426586982
2.594415094
2.778913616
2.98202778
3.20547468
3.452078891
3.724395897
4.025976077
4.360290598
4.732211707
5.146524096
5.609492499
6.127909383
6.709976354
7.36526344
8.104696506
8.940958601
9.888868664
10.96549081
12.19050816
13.58684129
15.1808762
17.00269954
19.08745381
21.47530902
24.21243638
27.35222067
30.95585465
35.09367362
39.84685446
45.30825804
51.58522897
58.80068358
67.09627472
76.63494524
87.60384805
100.2184849
114.7263577
131.4125687
