4.375083745
3.092670856
2.526090941
2.189537064
1.959893863
1.790478058
1.658849507
1.553663127
1.466328043
1.392518395
1.328997431
1.22514308
1.143844747
1.078126661
1.023624077
0.957369251
0.8891591329
0.8483842256
0.7940180793
0.7521033987
0.7193457355
0.6845287314
0.6560888187
0.6362254316
0.6201150679
0.6096047387
0.6054797063
0.6069834844
0.6148349424
0.6284326869
0.6477531937
0.6735566733
0.7052633907
0.7417629475
0.7841074136
0.831411677
0.8835692072
0.9403671333
1.001789624
1.068228882
1.139263165
1.215798089
1.296477038
1.382991076
1.474576491
1.571636104
1.674113275
1.783202044
1.900815128
2.02875495
2.167554362
2.318725372
2.482676738
2.659432327
2.845932187
3.041817766
3.251545957
3.479575471
3.72553194
3.987430529
4.259378551
4.541288621
4.831862091
5.130728946
5.448076751
5.794822869
6.171973509
6.582283447
7.022284247
7.488598981
8.003689308
8.592469099
9.305805835
10.18007163
11.20014595
12.35522751
13.66826345
15.15537724
16.81142297
18.64636452
20.66184959
22.8026678
25.01150036
27.17768138
29.05087969
30.35477502
30.95552665
30.05757568
27.46908285
24.28706541
21.76574208
18.74719407
12.6947952
