4.38006287
3.094245868
2.527873482
2.189646156
1.959647001
1.790027395
1.658199618
1.552508631
1.464631563
1.39021731
1.326452662
1.222686801
1.140775536
1.074606245
1.019865982
0.9532267523
0.8841764533
0.8435827371
0.789933606
0.7492265843
0.7178026052
0.6844006639
0.6571910023
0.6382822031
0.6224725613
0.6117758352
0.6077039422
0.6092812267
0.6173424849
0.6312399278
0.651014196
0.676646866
0.7075971238
0.7429020595
0.7840271275
0.8301948509
0.8815383359
0.9379500878
0.9994696185
1.06666424
1.139201892
1.218009911
1.30183159
1.392554201
1.489138534
1.592770176
1.703795469
1.82374765
1.954678408
2.098874785
2.257121979
2.431305899
2.6211843
2.827862267
3.050434784
3.28911143
3.544579786
3.818332084
4.109372308
4.4183628
4.749670608
5.107006435
5.489347088
5.897016145
6.333914238
6.802984987
7.316798492
7.879003563
8.484475467
9.147351922
9.883337208
10.67863737
11.52074605
12.42225446
13.42086943
14.50676909
15.65834906
16.83241899
18.05540419
19.24213574
20.26615529
21.14661641
21.91059451
22.38296623
22.61921106
23.07556163
23.17065432
22.93512748
22.25496265
20.37792749
17.13662277
13.81133351
13.78944924
